--------------------
BDMEP - INMET
--------------------
Estação           : **SAO PAULO MIR de SANTANA  - SP (OMM: 83781)**
Latitude  (graus) : -23.5
Longitude (graus) : -46.61
Altitude  (metros): 792.06
Estação Operante
Inicio de operação: 01/12/1945
Periodo solicitado dos dados: **01/01/2000 a 27/08/2015**
Os dados listados abaixo são os que encontram-se digitados no BDMEP

--------------------
Obs.: Os dados aparecem separados por ; (ponto e vírgula) no formato txt.
      Para o formato planilha XLS, siga as instruções
--------------------
Estacao;Data;Hora;DirecaoVento;VelocidadeVentoMedia;VelocidadeVentoMaximaMedia;EvaporacaoPiche;EvapoBHPotencial;EvapoBHReal;InsolacaoTotal;NebulosidadeMedia;NumDiasPrecipitacao;PrecipitacaoTotal;PressaoNivelMarMedia;PressaoMedia;TempMaximaMedia;TempCompensadaMedia;TempMinimaMedia;UmidadeRelativaMedia;VisibilidadeMedia;
83781;31/01/2000;0000;9;2.707527;5.6;124.3;;;163.1;8.215054;19;328.3;;921.925806;27.790323;22.543226;19.093548;76.330645;;
83781;29/02/2000;0000;9;3.309195;7.8;94.9;;;128.5;8.655172;16;246.6;;924.108046;27.110345;22.269655;19.182759;79.163793;;
83781;31/03/2000;0000;5;2.973118;7.3;90.8;;;125.2;8.44086;16;100.1;;924.736559;26.380645;21.54;18.380645;77.806452;;
83781;30/04/2000;0000;9;2.851111;5.8;133.9;;;222.2;5.688889;6;6.3;;926.661111;26.323333;20.503333;16.56;68.733333;;
83781;31/05/2000;0000;5;2.723656;6;142.4;;;194.7;6.075269;5;9.3;;927.005376;23.087097;17.885161;13.93871;68.169355;;
83781;30/06/2000;0000;5;2.574444;8.3;134.8;;;162.8;5.588889;3;12.2;;927.847778;24.276667;18.228667;13.8;66.483333;;
83781;31/07/2000;0000;32;2.424731;8.8;118;;;165.3;6.430108;3;65.6;;928.027957;21.467742;15.261935;10.925806;67.072581;;
83781;31/08/2000;0000;5;2.629032;6;128.8;;;167.8;6.88172;9;86.3;;928.221505;23.6;17.063871;12.267742;68.379032;;
83781;30/09/2000;0000;5;3.156667;9.6;101.6;;;130.5;8.022222;11;111.1;;927.411111;23.876667;18.170667;14.386667;75.4;;
83781;31/10/2000;0000;14;3.103226;6.5;152.7;;;194.4;7.139785;10;59;;925.680645;28.806452;22.026452;17.690323;69.241935;;
83781;30/11/2000;0000;14;3.347778;8.5;123.5;;;147.6;8.411111;10;186;;923.284444;27.033333;21.46;17.853333;74.125;;
83781;31/12/2000;0000;14;3.008602;6.6;129.1;;;;7.623656;16;249.7;;922.310753;28.245161;22.475484;18.422581;74.209677;;
83781;31/01/2001;0000;32;2.562366;5.6;139;;;;7.483871;16;144.2;;925.031183;30.245161;24.049032;19.877419;70.887097;;
83781;28/02/2001;0000;0;2.009524;9;104.3;;;;8.154762;17;290.1;;923.952381;29.964286;24.055714;20.160714;76;;
83781;31/03/2001;0000;0;1.937634;5.8;131.3;;;212.9;7.322581;15;138.5;;925.013978;30.016129;23.689032;19.512903;72.862903;;
83781;30/04/2001;0000;5;2.6;6;145.7;;;232.1;6.166667;3;32.9;;927.128889;28.343333;22.495333;18.566667;68.066667;;
83781;31/05/2001;0000;9;2.744086;7.5;112.6;;;127.2;7.086022;11;86.1;;926.355914;22.990323;18.293548;14.877419;74.580645;;
83781;30/06/2001;0000;5;2.673333;7.3;102.2;;;;6.788889;5;24.5;;929.351111;22.97;17.517333;13.773333;73.958333;;
83781;31/07/2001;0000;0;2.190323;7.1;115.4;;;;5.903226;9;41;;929.034409;23.541935;17.270323;12.63871;71.298387;;
83781;31/08/2001;0000;5;2.246237;6.6;131.6;;;;5.032258;5;32.8;;931.437634;25.193548;18.636774;14.074194;66.701613;;
83781;30/09/2001;0000;14;3.141111;7.5;111.6;;;;6.933333;12;88.5;;927.335556;24.226667;18.506;14.616667;73.491667;;
83781;31/10/2001;0000;18;3.383871;7.8;149.3;;;228.6;6.462366;9;204.3;;925.094624;26.906452;20.292903;15.958065;70.112903;;
83781;30/11/2001;0000;14;3.101111;5.8;133.8;;;155.9;7.7;13;185.2;;923.802222;27.4;21.648667;17.956667;74.275;;
83781;31/12/2001;0000;9;3.316129;9.1;126.7;;;153.1;8.215054;18;187;;922.888172;26.9;21.725806;18.203226;75.435484;;
83781;31/01/2002;0000;14;3.131183;6;123.3;;;150.9;8.413043;19;284.8;;923.268817;28.019355;22.8;19.174194;75.41129;;
83781;28/02/2002;0000;14;3.327381;7.6;96.3;;;126.9;8.369048;20;172.5;;924.317857;26.839286;21.827857;18.6;78.866071;;
83781;31/03/2002;0000;14;2.412903;6.6;137.6;;;233.7;6.096774;16;326.5;;925.292473;30.2;24.139355;19.767742;70.766129;;
83781;30/04/2002;0000;14;2.637778;5.3;141.9;;;218.3;5.744444;3;53.5;;925.485556;28.68;23.012;19.16;69.983333;;
83781;31/05/2002;0000;14;2.708602;6.6;110.7;;;141.2;7.860215;12;93;;926.769892;24.941935;19.588387;16.158065;73.766129;;
83781;30/06/2002;0000;14;2.602222;5.2;130.7;;;138.9;5.488889;2;1.3;;929.367778;25.28;19.518;15.563333;68.008333;;
83781;31/07/2002;0000;14;2.668363;8.3;115.1;;;137.8;6.827957;3;22.9;;929.301075;22.435484;16.440645;12.622581;76.879032;;
83781;31/08/2002;0000;14;2.409534;6.6;166;;;219.4;5.11828;6;46.4;;928.774194;27.03871;20.283871;15.845161;70.241935;;
83781;30/09/2002;0000;14;3.004444;6.6;124.8;;;148.2;7.6;11;54.8;;926.992222;24.57;18.068667;13.743333;71.041667;;
83781;31/10/2002;0000;14;2.893548;7;197;;;191.1;6.27957;10;124.9;;924.507527;30.480645;23.203226;18.06129;64.41129;;
83781;30/11/2002;0000;14;3.742222;10.6;147.8;;;174.4;7.988889;16;226.5;;924.768889;27.96;22.022;17.926667;69.55;;
83781;31/12/2002;0000;14;3.233512;7.1;150;;;132.8;7.693548;16;235.3;;923.623656;29.235484;23.252903;19.222581;70.201613;;
83781;31/01/2003;0000;9;2.850538;6;107.9;113.097028;113.097028;106.3;8.354839;23;317.2;;923.301075;27.522581;22.743871;19.306452;76.217742;;
83781;28/02/2003;0000;36;2.958333;9.6;159;122.981215;122.981215;233.9;5.785714;12;109.4;;925.178571;31.607143;25.362143;21.185714;65.205357;;
83781;31/03/2003;0000;9;3.137634;6.6;120.1;101.262873;101.262873;149;7.376344;19;126.5;;925.523656;27.783871;22.410968;18.958065;72.677419;;
83781;30/04/2003;0000;9;2.556554;6.3;117.8;83.304403;83.304403;173.4;6.95;5;45.6;;927.051111;26.526667;21.383333;17.65;70.8;;
83781;31/05/2003;0000;0;2.515054;6.1;140.7;58.764704;58.764704;205.1;6.741935;5;33.1;;928.163441;23.641935;18.236774;14.222581;69.645161;;
83781;30/06/2003;0000;32;1.753815;5.6;115.4;60.9221;52.630893;;5.533708;4;16;;928.523333;25.056667;19.064;14.943333;71.841667;;
83781;31/07/2003;0000;0;1.353763;4.6;145.1;55.146068;19;;5.870968;1;19;1020.23913;930.804301;23.632258;17.823226;13.464516;65.758065;;
83781;31/08/2003;0000;5;2.336559;5;122.3;47.049669;25.3;;6.215054;10;25.3;;929.524731;22.096774;16.072903;11.809677;68.822581;;
83781;30/09/2003;0000;5;2.918889;5.8;107.8;;;;6.8;7;34.5;;928.168889;24.43;18.281333;14.28;71.116667;;
83781;31/10/2003;0000;5;3.549462;6.6;144.2;;;;7.376344;10;126.7;;926.377419;26.46129;20.13871;15.93871;72.258065;;
83781;30/11/2003;0000;32;3.572222;8.3;147.1;;;;8.022222;14;99.3;;924.111111;26.686667;20.980667;17.073333;73.025;;
83781;31/12/2003;0000;36;3.196017;7.9;130;;;;8.709677;17;139.8;;924.160215;28.351613;22.538065;18.874194;74.709677;;
83781;31/01/2004;0000;5;2.377885;5;98.9;;;;9.204301;18;284.5;;922.945161;26.748387;21.538065;18.36129;81.620968;;
83781;29/02/2004;0000;5;3.088506;6.6;107.7;;;;7.988506;15;335.6;;924.26092;26.931034;21.516552;17.962069;79.491379;;
83781;31/03/2004;0000;9;2.372043;6.6;110.4;;;;8.451613;17;130.7;;925.335484;26.796774;21.083226;17.590323;79.524194;;
83781;30/04/2004;0000;32;2.811111;5.8;100.2;;;;7.944444;14;123.4;;926.085556;26.556667;21.386667;17.95;78.791667;;
83781;31/05/2004;0000;32;2.504301;6.6;88.5;;;;8.064516;13;60.1;1017.2;927.783871;22.087097;17.250968;14.190323;81.314516;;
83781;30/06/2004;0000;5;2.136667;5.6;92.4;;;;7.177778;8;66.8;;930.347778;22.343333;16.814;12.736667;72.716667;;
83781;31/07/2004;0000;5;2.334409;5.5;91.7;;;;7.16129;8;97.4;;930.021505;21.164516;16.092258;12.529032;76.137097;;
83781;31/08/2004;0000;0;1.675269;5;130.7;;;;6.11828;1;2.7;;930.229032;24.358065;17.629677;12.890323;67.653226;;
83781;30/09/2004;0000;14;2.258889;8;164.8;;;;6.588889;4;9.3;;927.383333;28.763333;21.226667;16.333333;64;;
83781;31/10/2004;0000;14;2.452688;6;101.2;;;;9;16;97.4;;925.719355;24.816129;19.322581;15.516129;74.758065;;
83781;30/11/2004;0000;14;2.746667;6.6;136.5;;;;8.411111;12;173.6;;924.303333;26.533333;20.998;17.11;72.583333;;
83781;31/12/2004;0000;14;2.308602;6.3;110.5;;;;8.526882;17;262.9;;923.823656;27.093548;21.490968;17.712903;77.008065;;
83781;31/01/2005;0000;14;2.225806;5;86.1;;;;8.752688;21;312.1;;923.045161;27.354839;22.501935;19.348387;79.056452;;
83781;28/02/2005;0000;14;2.116667;6;115.4;;;;7.357143;11;99.9;;924.036905;28.164286;22.188571;18.217857;72.8125;;
83781;31/03/2005;0000;0;1.648387;5.6;106.5;;;;7.795699;14;286.6;;925.122581;27.729032;22.477419;19.083871;75.225806;;
83781;30/04/2005;0000;5;2.276667;5.8;111.7;;;;7.333333;9;133.2;1015.13;926.82;27.626667;22.262667;18.726667;73.65;;
83781;31/05/2005;0000;5;2.007527;4.8;105.9;;;;6.634409;7;199;;927.788172;25.151613;19.68;15.667742;71.225806;;
83781;30/06/2005;0000;5;1.79;5;93.6;;;;6.266667;4;30.4;;929.344444;24.036667;18.701333;14.786667;72.45;;
83781;31/07/2005;0000;5;2.458065;6.6;133.6;;;;6.473118;5;13.7;;930.878495;22.351613;17.00129;13.006452;70.225806;;
83781;31/08/2005;0000;5;2.273118;7.1;154.4;;;;5.236559;3;9.5;;928.648387;26.151613;19.452258;14.658065;64.08871;;
83781;30/09/2005;0000;5;2.503333;5.8;83.7;;;;9.3;13;138.8;;928.12;23.403333;18.109333;14.48;78.05;;
83781;31/10/2005;0000;5;2.465591;12;107.6;;;;8.913978;15;172.1;;925.582796;26.767742;21.050968;17.380645;77.975806;;
83781;30/11/2005;0000;5;3.073333;6.6;108;;;;8.455556;9;106.1;;924.198889;26.203333;20.599333;16.836667;74.875;;
83781;31/12/2005;0000;5;2.719211;6.5;118.6;;;;8.795699;15;228.2;;923.74086;26.877419;21.091613;17.183871;74.83871;;
83781;31/01/2006;0000;36;1.84086;5;137;;;;7.946237;14;348;;924.425806;29.719355;23.738065;19.806452;72.056452;;
83781;28/02/2006;0000;32;2.486905;6;103.2;;;;7.952381;13;166;;922.915476;28.660714;23.587143;20.185714;78.044643;;
83781;31/03/2006;0000;23;2.260215;6.3;95.2;;;;8.107527;21;607.9;;924.053763;28.658065;22.786452;19.241935;82.653226;;
83781;30/04/2006;0000;23;2.686667;6.3;93.7;;;;7.133333;4;51.1;;925.471111;25.983333;20.558667;16.973333;74.091667;;
83781;31/05/2006;0000;18;2.24086;4.5;98.6;51.158036;51.158036;;7.150538;3;15;;928.112903;22.16129;17.040645;13.448387;74.435484;;
83781;30/06/2006;0000;14;2.385556;6.3;104.9;49.237246;49.237246;;6.777778;2;24.2;1019.78;930.178889;22.906667;17.254667;13.373333;71.366667;;
83781;31/07/2006;0000;0;1.78172;5;120.5;57.051409;57.051409;;4.946237;7;71;;929.545161;24.354839;18.104516;13.274194;67.120968;;
83781;31/08/2006;0000;23;2.45914;6.3;143.1;65.174829;32.553309;204.5;6.129032;4;5.8;1017.07957;927.91828;25.325806;18.86;14.125806;63.637097;;
83781;30/09/2006;0000;14;2.813333;10;134.7;64.097024;64.097024;164.7;7.733333;7;77.7;;927.47;24.75;18.480667;14.25;69.425;;
83781;31/10/2006;0000;14;2.667742;6.3;100.5;83.810119;83.810119;162.2;8.043011;12;100.4;;925.311828;26.151613;20.215484;16.625806;75.008065;;
83781;30/11/2006;0000;14;2.961111;6.3;87.3;91.07438;91.07438;152;8.477778;15;230.7;;924.141111;26.65;20.926;17.173333;74.15;;
83781;31/12/2006;0000;32;3.553763;8.3;88.5;113.783169;113.783169;141;9.010753;18;311.5;;924.186022;28.319355;22.661935;19.312903;77.120968;;
83781;31/01/2007;0000;32;2.675269;6.6;84.4;113.664993;113.664993;110.5;9.032258;18;213.5;;923.184946;27.425806;22.793548;19.764516;78.024194;;
83781;28/02/2007;0000;14;2.740145;5.3;108.9;107.748607;107.748607;190.7;7.392857;10;285.9;;924.317857;29.975;23.732143;19.378571;71.696429;;
83781;31/03/2007;0000;5;2.32043;5;105.6;116.435095;116.435095;230.6;6.268817;11;185.4;;925.483871;30.716129;24.089032;19.816129;68.774194;;
83781;30/04/2007;0000;14;2.726667;6.1;75.8;87.307779;87.307779;155.9;8.433333;9;124.8;;926.906667;27.26;21.862;18.506667;76.65;;
83781;31/05/2007;0000;14;2.735484;6;91.5;56.169653;56.169653;163.8;7;8;59;;927.664516;23.083871;17.76129;13.993548;74.693548;;
83781;30/06/2007;0000;5;2.28;5.3;96.5;57.72468;57.72468;205.7;5.066667;4;30.7;1017.88;928.626667;25.003333;18.626667;14.02;65.808333;;
83781;31/07/2007;0000;14;2.641935;6.6;108.8;47.269123;47.269123;152.5;7.408602;9;148.3;;928.462366;22.180645;16.484516;12.309677;69.354839;;
83781;31/08/2007;0000;14;2.532258;6.3;136.8;62.402125;62.402125;205.1;5.72043;0;0;;929.730108;25.390323;18.461935;13.758065;64.895161;;
83781;30/09/2007;0000;14;2.122222;6;143.3;78.185733;53.297875;186.4;5.966667;4;15.7;;929.083333;27.86;20.475333;15.563333;64.358333;;
83781;31/10/2007;0000;14;2.573118;5.3;118.5;93.346378;93.346378;167.4;7.430108;13;109.3;;925.710753;28.290323;21.29871;16.983871;71.790323;;
83781;30/11/2007;0000;14;3.368889;7.3;85.5;85.839409;85.839409;138.6;8.355556;16;219.9;1012.32;923.891111;26.09;20.338667;16.726667;75.858333;;
83781;31/12/2007;0000;14;2.42043;6;123.8;112.766784;112.766784;155.1;8.354839;13;230.9;;923.275269;28.703226;22.709677;18.677419;72.266129;;
83781;31/01/2008;0000;14;3.082796;6.6;78.7;102.79741;102.79741;114.7;8.666667;19;318.5;;923.744086;26.66129;21.599355;18.445161;77.629032;;
83781;29/02/2008;0000;14;2.750575;6.3;41.8;100.458836;100.458836;147.8;8.114943;18;236.3;;923.91954;28.289655;22.666207;19.003448;76.62931;;
83781;31/03/2008;0000;14;2.783871;5.6;86.2;97.451024;97.451024;172.1;7.537634;16;180.8;;924.243011;27.387097;22.131613;18.625806;75.491935;;
83781;30/04/2008;0000;14;2.292222;5.8;72.7;80.792157;80.792157;146;7.266667;12;96.6;;924.074444;25.986667;21.069333;17.513333;74.675;;
83781;31/05/2008;0000;14;2.578495;6.6;107;54.814547;54.814547;170.3;5.892473;7;80.3;;927.288172;22.925806;17.734194;13.929032;70.741935;;
83781;30/06/2008;0000;5;2.482222;7.6;88.4;48.066581;48.066581;129.2;7.944444;8;78.2;;928.588889;22.55;17.020667;13.253333;76.75;;
83781;31/07/2008;0000;5;1.834409;5;126.1;52.71027;40.968719;238.6;3.376344;0;0;;930.169892;24.322581;17.496774;12.551613;62.91129;;
83781;31/08/2008;0000;18;2.589247;6.6;79.5;65.292494;65.292494;164.7;6.236559;8;78.5;;927.405376;24.996774;18.853548;14.577419;69.725806;;
83781;30/09/2008;0000;14;3.128889;6;81.5;60.060854;52.090036;152.6;7.550562;11;43.9;;927.621111;23.52;17.837333;13.993333;71.3;;
83781;31/10/2008;0000;14;3.083871;6.6;120.7;89.10324;89.10324;136.8;8.548387;13;161.4;;926.684946;26.835484;20.801935;16.803226;75.540323;;
83781;30/11/2008;0000;18;3.461111;6.6;107.2;89.416153;89.416153;148.7;8.766667;14;165.1;;924.348889;26.356667;20.723333;17.16;77.583333;;
83781;31/12/2008;0000;18;3.051613;6.1;120.2;99.044452;99.044452;158;7.72043;12;220.2;;922.663441;27.274194;21.251613;17.16129;76.08871;;
83781;31/01/2009;0000;18;2.801515;6.3;90.5;109.648966;109.648966;112.9;8.621212;17;351.8;1011.94697;923.89697;27.283871;22.403871;18.86129;82.782258;;
83781;28/02/2009;0000;36;2.611905;5.8;76.1;107.748607;107.748607;150.6;7.797619;16;200.2;;923.865476;29.342857;23.729286;19.928571;75.455357;;
83781;31/03/2009;0000;18;2.631579;5.8;;111.578223;111.578223;155.3;7.842105;12;125.7;;924.726316;28.746667;23.6536;19.989286;77.092593;;
83781;30/04/2009;0000;18;2.920408;6.6;;76.338712;74.738619;;7.244898;10;69.6;1015.924;927.159184;25.566667;20.358182;16.87037;79.115385;;
83781;31/05/2009;0000;9;2.224;4.1;;67.61013;63.427816;;6.42;8;50;1016.616;927.562;25.214286;19.631429;15.542308;78.956522;;
83781;30/06/2009;0000;18;2.502;5;;42.507085;42.507085;;7;6;49.8;1018.57;928.686;21.408696;15.829;11.66;78.043478;;
83781;31/07/2009;0000;14;2.111979;5.5;;49.627158;49.627158;;7.940909;16;179.7;;928.547273;21.976;17.153043;13.358333;83.32;;
83781;31/08/2009;0000;14;2.908602;6;125.4;61.038728;61.038728;176.7;5.817204;9;102.8;;928.278495;24.5;18.277419;13.751613;68.475806;;
83781;30/09/2009;0000;14;2.746667;5.3;104.6;72.829839;72.829839;101.6;8.011111;12;192.2;;926.735556;25.08;19.729333;16.143333;77.258333;;
83781;31/10/2009;0000;14;2.972043;6.3;86.3;82.1323;82.1323;126.3;8.451613;13;154.5;;924.858065;25.483871;19.996774;16.467742;79.048387;;
83781;30/11/2009;0000;9;3.185556;7;130.3;121.657291;121.657291;165.6;7.666667;16;177.3;;922.878889;29.92;24.104;20.313333;73.383333;;
83781;31/12/2009;0000;14;2.911828;6.5;99.5;112.766784;112.766784;91.1;8.365591;15;363.7;;923.109677;28.312903;22.617419;19.209677;77.959677;;
83781;31/01/2010;0000;32;2.494624;7.8;97;119.826669;119.826669;109.1;8.806452;26;480.5;;924.653763;28.983871;23.391613;19.848387;80.33871;;
83781;28/02/2010;0000;5;2.614286;5.8;138;115.237065;115.237065;191.8;6.722892;14;296.5;;924.891667;30.878571;24.685;20.592857;69.964286;;
83781;31/03/2010;0000;14;2.884946;5.8;123.1;95.850396;95.850396;182.7;7.623656;18;184.5;1012.32043;924.162366;28.803226;23.016774;19.416129;74.516129;;
83781;30/04/2010;0000;9;2.79;6.3;104;77.097424;77.097424;145.4;7.651685;10;124.5;;927.142222;25.693333;20.624667;17.02;74.125;;
83781;31/05/2010;0000;9;2.417204;6.3;101;57.459737;57.459737;156.3;6.946237;8;65.2;;926.582796;23.732258;18.423871;14.832258;74.548387;;
83781;30/06/2010;0000;9;2.49;5;104.5;47.507612;42.212503;190.9;5.337079;4;13.1;;929.888889;22.726667;16.820667;12.726667;70.166667;;
83781;31/07/2010;0000;14;2.372063;5.3;59.1;72.029765;72.029765;189.2;5.860215;5;93.5;;930.26129;24.21;18.363226;14.164516;71.129032;;
83781;31/08/2010;0000;14;2.498913;5.8;128.4;54.451073;38.963906;201.9;4.612903;2;0.4;;930.192473;24.16129;17.489677;12.816129;64.33871;;
83781;30/09/2010;0000;9;2.784765;6.1;136.2;73.583149;73.583149;139.4;6.822222;10;104.8;1015.98;926.976667;25.996667;19.715333;15.52;70.483333;;
83781;31/10/2010;0000;14;3.111111;6.6;105.8;70.869746;70.751854;145.2;7.741935;11;70.1;;925.002151;24.570968;18.591613;14.909677;75.137097;;
83781;30/11/2010;0000;14;1.657778;5;125.8;92.854359;92.854359;149.6;7.988889;11;109.6;;922.577778;27.28;21.056667;16.973333;72.041667;;
83781;31/12/2010;0000;14;2.231183;6.1;100.1;179.394305;179.394305;148.9;8.752688;18;343.1;;921.324731;28.354839;22.912903;19.3;77.846774;;
83781;31/01/2011;0000;32;2.383871;9.3;89.2;124.026271;124.026271;147.6;8.494624;19;493.7;;922.121505;29.490323;23.854194;20.383871;78.185484;;
83781;28/02/2011;0000;14;2.388095;8.3;114;112.398945;112.398945;151.9;8.119048;12;311.5;;923.984524;30.446429;24.360714;20.325;72.839286;;
83781;31/03/2011;0000;14;2.80989;5.8;74;93.200771;93.200771;67.4;9.395604;14;164;1012.99;924.585714;25.923333;21.702667;18.893333;80.6;;
83781;30/04/2011;0000;14;2.293023;5;95.7;84.952198;84.952198;176.7;7.674419;10;133;;926.332558;27.246667;21.75037;18.056667;75.525;;
83781;31/05/2011;0000;14;2.594624;4.6;85.6;55.606791;52.680804;161.9;7.365591;5;30.4;;927.898925;22.990323;17.690323;14.283871;75.16129;;
83781;30/06/2011;0000;14;2.188889;6.6;82.9;42.580764;42.580764;181.3;5.655556;4;81.6;;927.68;22.29;15.961333;11.503333;72.658333;;
83781;31/07/2011;0000;5;2.187097;6;95.1;46.765608;38.969603;152.8;6.225806;2;4.5;;928.203226;23.716129;17.483226;13.090323;70.967742;;
83781;31/08/2011;0000;14;2.605376;5.1;123.2;61.115799;55.323872;164.1;6.258065;8;46.3;;927.495699;24.941935;18.303871;13.758065;69.895161;;
83781;30/09/2011;0000;14;3.163333;6.6;129.3;62.77576;31.427369;208.1;6.822222;2;7.4;;929.06;25.79;18.246;13.56;67.208333;;
83781;31/10/2011;0000;14;3.188172;6.6;136.1;83.886942;83.886942;166.5;7.913978;14;149.6;;924.537634;26.264516;20.216774;16.432258;72.733871;;
83781;30/11/2011;0000;14;3.161111;6.6;114.9;83.360173;83.360173;186.4;7.688889;6;141.3;;924.517778;26.19;20.013333;15.81;71.125;;
83781;31/12/2011;0000;14;3.050538;6.6;144.1;108.81129;108.81129;164;7.795699;14;136.8;;922.804301;27.758065;22.199355;18.254839;69.854839;;
83781;31/01/2012;0000;14;2.625806;5.8;97.6;100.951491;100.951491;127.4;8.55914;20;332.6;1012.38913;923.994624;27.045161;21.476129;17.919355;78.177419;;
83781;29/02/2012;0000;14;2.378161;6.1;121.8;136.712632;136.712632;189.4;7.770115;14;224.2;;924.377011;30.696552;24.527586;20.131034;71.62931;;
83781;31/03/2012;0000;14;2.646237;5;125.7;105.734976;105.734976;202.7;7.290323;10;187.6;;925.565591;28.835484;22.449333;18.225806;73.096774;;
83781;30/04/2012;0000;14;2.557778;5.8;88;81.633213;81.633213;143.7;8.555556;11;155.9;;925.365556;26.9;21.249333;17.87;78.716667;;
83781;31/05/2012;0000;14;2.725806;5.5;84.5;58.101281;58.101281;165.9;7.086022;10;82.7;;928.534409;23.1;18.043871;14.593548;77.241935;;
83781;30/06/2012;0000;32;2.262383;6.6;65.8;52.847107;52.847107;109.5;7.866667;10;233.7;;928.241111;22.216667;18.030714;14.403333;80.862069;;
83781;31/07/2012;0000;32;2.382796;5.8;124.1;54.648971;54.648971;190.4;5.258065;8;74.7;;928.603226;23.425806;17.765806;13.341935;70.33871;;
83781;31/08/2012;0000;5;2.696739;7.5;126.4;66.071159;48.496454;259.2;4.376344;1;0.3;;931.578495;25.693548;19.193548;14.258065;64.241935;;
83781;30/09/2012;0000;14;2.818889;7.5;149;76.857006;41.89917;195.9;6.655556;3;19.2;;928.423333;27.34;20.064828;15.446667;64.4;;
83781;31/10/2012;0000;14;2.724588;6;144;100.847223;100.847223;194.8;7.024194;9;128.3;;925.113978;29.403448;22.494815;17.490323;69.83871;;
83781;30/11/2012;0000;14;3.053333;5.8;115.2;90.369746;90.369746;146.7;8.533333;10;91.6;;923.728889;26.446667;20.986897;17.173333;75.65;;
83781;31/12/2012;0000;32;2.745161;6;122.6;135.141959;135.141959;149.7;8.032258;18;401.9;;923.183871;30.151613;24.565333;20.748387;75.298387;;
83781;31/01/2013;0000;14;3.047312;6.6;89.1;105.771595;105.771595;91.9;9.139785;19;169.2;;924.573118;26.832258;22.047742;18.9;78.895161;;
83781;28/02/2013;0000;32;2.494048;5.8;101.4;103.24105;103.24105;149.4;8.190476;18;278;;924.619048;29.353571;23.350714;19.15;75.133929;;
83781;31/03/2013;0000;14;2.831183;5.8;95.7;96.801751;96.801751;;8.709677;17;174.5;1013.71828;925.489247;27.13;22.020667;18.683871;78.927419;;
83781;30/04/2013;0000;14;2.474444;5.3;84.6;85.752032;84.673975;164.9;7.955556;8;70.7;;926.912222;;;16.4;75.458333;;
83781;31/05/2013;0000;14;2.265591;6.3;97;84.072139;71.76054;143.7;7.010753;5;42.5;;927.415054;;;15.06129;74.774194;;
83781;30/06/2013;0000;14;2.053333;5;73.9;55.300557;55.300557;119.7;7.655556;10;143.2;;928.094444;22.763333;18.145333;15.03;80.25;;
83781;31/07/2013;0000;14;2.26087;5;82.9;46.765608;46.765608;163.2;6.258065;11;90.9;;929.71828;21.706452;16.697241;12.045161;75.225806;;
83781;31/08/2013;0000;14;2.527957;5.8;137.4;58.436021;47.491714;204.8;5.365591;4;7.7;;928.676344;24.803226;17.985333;12.677419;63.919355;;
83781;30/09/2013;0000;14;2.578889;6.1;125;69.197982;69.197982;165.2;6.277778;8;81.3;;927.67;25.063333;19.1;14.74;68.422414;;
83781;31/10/2013;0000;14;2.96129;5.1;113;80.551115;80.551115;138.3;8.247312;9;126.6;1015.16129;926.396774;24.987097;19.802667;16.012903;72.5;;
83781;30/11/2013;0000;14;2.9;6.6;120.2;97.447304;97.447304;162;7.6;13;123.6;1012.82;924.561111;26.966667;21.458621;17.62;73.05;;
83781;31/12/2013;0000;14;3.246237;6.6;139.2;118.985955;113.252756;195.2;7.978495;6;83.1;;922.351613;28.896774;23.28;19.425806;70.774194;;
83781;31/01/2014;0000;14;2.484946;5.3;160.8;139.32379;139.32379;265.2;6.688172;3;237.9;;925.369892;31.919355;25.092258;19.66129;67.048387;;
83781;28/02/2014;0000;14;2.515476;5;166.4;122.995324;122.995324;212.2;5.940476;;197.6;1012.425;924.877381;31.832143;25.446429;21.142857;63.071429;;
83781;31/03/2014;0000;14;2.724731;6.6;111.2;106.874172;106.874172;177.6;8.096774;;226.9;;925.691398;28.832258;23.096774;19.474194;75.33871;;
83781;30/04/2014;0000;14;2.616667;5.5;98.6;81.010023;81.00148;158.2;7.922222;;79.7;1015.58;927.002222;26.41;21.073333;17.613333;75.191667;;
83781;31/05/2014;0000;14;2.416129;6.3;109;62.165969;60.732662;141.4;7.612903;;46;;927.498925;23.574194;18.812667;14.912903;73.572581;;
83781;30/06/2014;0000;14;2.34;5;112.7;57.165619;41.43079;139.4;6.933333;;9.7;;928.508889;23.653333;18.557333;14.533333;73.1;;
83781;31/07/2014;0000;14;2.341935;5.6;109.5;50.904303;34.746083;149;6.612903;;21.4;;931.054839;21.974194;17.040645;13.4;71.782258;;
83781;31/08/2014;0000;14;2.317204;5.8;141.3;61.115799;40.11272;201.7;5.365591;;29.6;1019.1;929.727957;24.9;18.417419;13.293548;63.959677;;
83781;30/09/2014;0000;14;2.864444;6.6;138.1;78.254703;63.74006;190.9;6.244444;;58.7;;927.295556;26.93;20.434;15.75;68.05;;
83781;31/10/2014;0000;14;2.92043;6.6;180.5;95.202762;36.948109;218.9;6.129032;;25.2;;927.460215;28.680645;21.582667;16.648387;62.879032;;
83781;30/11/2014;0000;14;2.981111;6.8;115;95.625427;95.625427;132.7;8.544444;;117.5;;924.585556;27.126667;21.543448;17.856667;73.008621;;
83781;31/12/2014;0000;32;2.665591;6;129.7;121.076242;121.076242;193.3;7.473118;;203.1;1012.62043;924.793548;29.170968;23.468667;19.241935;68.322581;;
83781;31/01/2015;0000;32;2.433333;5.8;111.9;140.447766;140.447766;196.8;7.247312;;156.2;;925.946739;31.490323;25.387097;21.148387;68.774194;;
83781;28/02/2015;0000;14;2.286746;5.6;101.4;105.95581;105.95581;156.7;8.130952;;273;;924.708333;29.007143;23.631111;19.935714;74.044643;;
83781;31/03/2015;0000;14;2.224731;6.3;92.6;98.595506;98.595506;139.3;8.72043;;332.7;;925.274194;27.248387;22.198065;19.012903;78.459677;;
83781;30/04/2015;0000;14;2.581111;5.8;94.3;78.6903;78.6903;169.2;8.266667;;108.1;;926.363333;25.966667;20.875333;17.783333;76.925;;
83781;31/05/2015;0000;14;2.43871;5.6;86.3;61.493363;60.931283;116.1;8.043011;;50.7;;928.135484;22.867742;18.710667;15.612903;77.891667;;
83781;30/06/2015;0000;14;2.608052;5.8;94;54.074608;46.029832;162.1;6.108333;;20.3;;930.437079;23.22;18.182;14.073333;73.208333;;
83781;31/07/2015;0000;14;;5.65884;;;;126.5;;;65.1;;;;;;;;